0 to 1
0000001010011100
0000001010001100
0 to 2
0000001010011100
0000001000011100
0 to 3
0000001010011100
0000001010010000
1 to 2
0000001010011100
0000001001011100
3 to 1
0000001010011100
0000001010111100
3 to 2
0000001010011100
0000001011011100
0 to 2
0000001010001100
0000001000001100
0 to 3
0000001010001100
0000001010000000
3 to 2
0000001010001100
0000001011001100
0 to 1
0000001000011100
0000001000001100
0 to 2
0000001000011100
0000000000011100
0 to 3
0000001000011100
0000001000010000
1 to 2
0000001000011100
0000000100011100
3 to 1
0000001000011100
0000001000111100
3 to 2
0000001000011100
0000001100011100
0 to 1
0000001010010000
0000001010000000
0 to 2
0000001010010000
0000001000010000
1 to 2
0000001010010000
0000001001010000
0 to 1
0000001001011100
0000001001001100
0 to 2
0000001001011100
0000000001011100
0 to 3
0000001001011100
0000001001010000
1 to 2
0000001001011100
0000000101011100
3 to 1
0000001001011100
0000001001111100
3 to 2
0000001001011100
0000001101011100
0 to 2
0000001010111100
0000001000111100
0 to 3
0000001010111100
0000001010110000
3 to 2
0000001010111100
0000001011111100
0 to 1
0000001011011100
0000001011001100
0 to 2
0000001011011100
0000000011011100
0 to 3
0000001011011100
0000001011010000
1 to 2
0000001011011100
0000000111011100
3 to 1
0000001011011100
0000001011111100
3 to 2
0000001011011100
0000001111011100
0 to 2
0000001000001100
0000000000001100
0 to 3
0000001000001100
0000001000000000
3 to 2
0000001000001100
0000001100001100
0 to 2
0000001010000000
0000001000000000
0 to 2
0000001011001100
0000000011001100
0 to 3
0000001011001100
0000001011000000
3 to 2
0000001011001100
0000001111001100
0 to 1
0000000000011100
0000000000001100
0 to 3
0000000000011100
0000000000010000
3 to 1
0000000000011100
0000000000111100
0 to 1
0000001000010000
0000001000000000
0 to 2
0000001000010000
0000000000010000
1 to 2
0000001000010000
0000000100010000
0 to 1
0000000100011100
0000000100001100
0 to 3
0000000100011100
0000000100010000
3 to 1
0000000100011100
0000000100111100
0 to 2
0000001000111100
0000000000111100
0 to 3
0000001000111100
0000001000110000
3 to 2
0000001000111100
0000001100111100
0 to 1
0000001100011100
0000001100001100
0 to 3
0000001100011100
0000001100010000
3 to 1
0000001100011100
0000001100111100
0 to 1
0000001001010000
0000001001000000
0 to 2
0000001001010000
0000000001010000
1 to 2
0000001001010000
0000000101010000
0 to 1
0000001001001100
0000001000001100
0 to 2
0000001001001100
0000000001001100
0 to 3
0000001001001100
0000001001000000
1 to 2
0000001001001100
0000000101001100
3 to 1
0000001001001100
0000001011001100
3 to 2
0000001001001100
0000001101001100
0 to 1
0000000001011100
0000000001001100
0 to 3
0000000001011100
0000000001010000
3 to 1
0000000001011100
0000000001111100
0 to 1
0000000101011100
0000000101001100
0 to 3
0000000101011100
0000000101010000
3 to 1
0000000101011100
0000000101111100
0 to 1
0000001001111100
0000001000111100
0 to 2
0000001001111100
0000000001111100
0 to 3
0000001001111100
0000001001110000
1 to 2
0000001001111100
0000000101111100
3 to 1
0000001001111100
0000001011111100
3 to 2
0000001001111100
0000001101111100
0 to 1
0000001101011100
0000001101001100
0 to 3
0000001101011100
0000001101010000
3 to 1
0000001101011100
0000001101111100
0 to 2
0000001010110000
0000001000110000
0 to 3
0000001010110000
0000001010000000
3 to 2
0000001010110000
0000001011110000
0 to 2
0000001011111100
0000000011111100
0 to 3
0000001011111100
0000001011110000
3 to 2
0000001011111100
0000001111111100
0 to 1
0000000011011100
0000000011001100
0 to 3
0000000011011100
0000000011010000
3 to 1
0000000011011100
0000000011111100
0 to 1
0000001011010000
0000001011000000
0 to 2
0000001011010000
0000000011010000
0 to 3
0000001011010000
0000001000010000
1 to 2
0000001011010000
0000000111010000
1 to 3
0000001011010000
0000001001010000
3 to 2
0000001011010000
0000001111010000
0 to 1
0000000111011100
0000000111001100
0 to 3
0000000111011100
0000000111010000
3 to 1
0000000111011100
0000000111111100
0 to 1
0000001111011100
0000001111001100
0 to 3
0000001111011100
0000001111010000
3 to 1
0000001111011100
0000001111111100
0 to 3
0000000000001100
0000000000000000
0 to 2
0000001000000000
0000000000000000
0 to 3
0000001100001100
0000001100000000
0 to 3
0000000011001100
0000000011000000
0 to 2
0000001011000000
0000000011000000
0 to 3
0000001011000000
0000001000000000
3 to 2
0000001011000000
0000001111000000
0 to 3
0000001111001100
0000001111000000
0 to 1
0000000000010000
0000000000000000
0 to 3
0000000000111100
0000000000110000
0 to 1
0000000100010000
0000000100000000
0 to 1
0000000100001100
0000000000001100
0 to 3
0000000100001100
0000000100000000
3 to 1
0000000100001100
0000001100001100
0 to 1
0000000100111100
0000000000111100
0 to 3
0000000100111100
0000000100110000
3 to 1
0000000100111100
0000001100111100
0 to 2
0000001000110000
0000000000110000
0 to 3
0000001000110000
0000001000000000
3 to 2
0000001000110000
0000001100110000
0 to 3
0000001100111100
0000001100110000
0 to 1
0000001100010000
0000001100000000
0 to 3
0000001100010000
0000000000010000
1 to 3
0000001100010000
0000000100010000
0 to 1
0000001001000000
0000001000000000
0 to 2
0000001001000000
0000000001000000
1 to 2
0000001001000000
0000000101000000
0 to 1
0000000001010000
0000000001000000
0 to 1
0000000101010000
0000000101000000
0 to 1
0000000001001100
0000000000001100
0 to 3
0000000001001100
0000000001000000
3 to 1
0000000001001100
0000000011001100
0 to 1
0000000101001100
0000000100001100
0 to 3
0000000101001100
0000000101000000
3 to 1
0000000101001100
0000000111001100
0 to 1
0000001101001100
0000001100001100
0 to 3
0000001101001100
0000001101000000
3 to 1
0000001101001100
0000001111001100
0 to 1
0000000001111100
0000000000111100
0 to 3
0000000001111100
0000000001110000
3 to 1
0000000001111100
0000000011111100
0 to 1
0000000101111100
0000000100111100
0 to 3
0000000101111100
0000000101110000
3 to 1
0000000101111100
0000000111111100
0 to 1
0000001001110000
0000001000110000
0 to 2
0000001001110000
0000000001110000
0 to 3
0000001001110000
0000001001000000
1 to 2
0000001001110000
0000000101110000
3 to 1
0000001001110000
0000001011110000
3 to 2
0000001001110000
0000001101110000
0 to 1
0000001101111100
0000001100111100
0 to 3
0000001101111100
0000001101110000
3 to 1
0000001101111100
0000001111111100
0 to 1
0000001101010000
0000001101000000
0 to 3
0000001101010000
0000000001010000
1 to 3
0000001101010000
0000000101010000
0 to 2
0000001011110000
0000000011110000
0 to 3
0000001011110000
0000001011000000
3 to 2
0000001011110000
0000001111110000
0 to 3
0000000011111100
0000000011110000
0 to 3
0000001111111100
0000001111110000
0 to 1
0000000011010000
0000000011000000
0 to 3
0000000011010000
0000000000010000
1 to 3
0000000011010000
0000000001010000
0 to 1
0000000111010000
0000000111000000
0 to 3
0000000111010000
0000000100010000
1 to 3
0000000111010000
0000000101010000
0 to 1
0000001111010000
0000001111000000
0 to 3
0000001111010000
0000001100010000
1 to 3
0000001111010000
0000001101010000
0 to 1
0000000111001100
0000000011001100
0 to 3
0000000111001100
0000000111000000
3 to 1
0000000111001100
0000001111001100
0 to 1
0000000111111100
0000000011111100
0 to 3
0000000111111100
0000000111110000
3 to 1
0000000111111100
0000001111111100
0 to 3
0000001100000000
0000000000000000
0 to 3
0000000011000000
0000000000000000
0 to 3
0000001111000000
0000001100000000
0 to 3
0000000000110000
0000000000000000
0 to 1
0000000100000000
0000000000000000
0 to 1
0000000100110000
0000000000110000
0 to 3
0000000100110000
0000000100000000
3 to 1
0000000100110000
0000001100110000
0 to 3
0000001100110000
0000001100000000
0 to 1
0000000001000000
0000000000000000
0 to 1
0000000101000000
0000000100000000
0 to 1
0000001101000000
0000001100000000
0 to 3
0000001101000000
0000000001000000
1 to 3
0000001101000000
0000000101000000
0 to 1
0000000001110000
0000000000110000
0 to 3
0000000001110000
0000000001000000
3 to 1
0000000001110000
0000000011110000
0 to 1
0000000101110000
0000000100110000
0 to 3
0000000101110000
0000000101000000
3 to 1
0000000101110000
0000000111110000
0 to 1
0000001101110000
0000001100110000
0 to 3
0000001101110000
0000001101000000
3 to 1
0000001101110000
0000001111110000
0 to 3
0000000011110000
0000000011000000
0 to 3
0000001111110000
0000001111000000
0 to 1
0000000111000000
0000000011000000
0 to 3
0000000111000000
0000000100000000
3 to 1
0000000111000000
0000001111000000
0 to 1
0000000111110000
0000000011110000
0 to 3
0000000111110000
0000000111000000
3 to 1
0000000111110000
0000001111110000
-1
